0.0 1.0 0.0 0.0 0.0
0.0400534045394 0.9983965857376377 -0.08002117634683262 0.003207474221326315 0.16010657328460914
0.0801068090788 0.9935966155357665 -0.15952894952765248 0.012817054565716142 0.3195712766179999
0.120160213618 0.9856309022674622 -0.23801263598764363 0.0287902109274576 0.4777551760119609
0.160213618158 0.9745506019495015 -0.3149668769421061 0.051062943764469015 0.6340250695531793
0.200267022697 0.960426972397409 -0.3898942137746778 0.07954604149530756 0.7877562665828509
0.240320427236 0.9433509826797141 -0.46230789030432445 0.1141255017854944 0.938335609945186
0.280373831776 0.9234328486942733 -0.5317341833948076 0.154663032134252 1.0851639927781636
0.320427236315 0.9008014570241949 -0.5977149800721692 0.20099667111370864 1.227659144168741
0.360480640854 0.8756036894780618 -0.659810167969002 0.2529415170751733 1.3652582180465458
0.400534045394 0.8480036418434774 -0.7175999716105913 0.3102905715050254 1.4974203283452847
0.440587449933 0.818181789270151 -0.7706871426913807 0.3728156405120856 1.6236289309316188
0.480640854473 0.7863340368164957 -0.8186990272788908 0.4402683612407544 1.7433940797966918
0.520694259012 0.7526706937740436 -0.8612895689010536 0.5123813116486903 1.8562546199939618
0.560747663551 0.7174153625633303 -0.8981411865021187 0.5888692138362367 1.9617802525818993
0.600801068091 0.6808037840806099 -0.9289664498050774 0.6694301858962703 2.059573387254573
0.64085447263 0.6430825282230647 -0.9535097105918673 0.7537471634847419 2.149270959213199
0.68090787717 0.6045077014920658 -0.9715484659426366 0.8414893048152731 2.2305459618946055
0.720961281709 0.5653441213995086 -0.9828941520616425 0.9323128896192813 2.303108346015189
0.761014686248 0.5258628635975253 -0.9873941657288271 1.025863992271049 2.366707334228452
0.801068090788 0.48634027410088676 -0.9849326686419283 1.1217795591343962 2.4211323436282046
0.841121495327 0.44705709648220177 -0.9754298830023861 1.219688374704057 2.466212310782283
0.881174899866 0.4082962987148716 -0.9588440799773703 1.319213432837765 2.5018179572347496
0.921228304406 0.3703417891569857 -0.9351713502638798 1.4199733548130076 2.5278616531760694
0.961281708945 0.33347687111596275 -0.9044458798146146 1.5215840930833977 2.5442978367467086
1.00133511348 0.2979827170148948 -0.8667398525911513 1.6236606187450504 2.5511230414890695
1.04138851802 0.2641368536548278 -0.8221632328245122 1.7258186033006169 2.548375799557291
1.08144192256 0.2322116310512352 -0.7708634688037966 1.8276761189145259 2.5361364646494
1.1214953271 0.20247278110490072 -0.7130246658120165 1.9288552593661854 2.5145264842544637
1.16154873164 0.17517791005495653 -0.648867040278365 2.028983822721222 2.4837079638116157
1.20160213618 0.1505751122819544 -0.5786459275436614 2.1276968812174903 2.4438827653606707
1.24165554072 0.12890158295681797 -0.5026503180902441 2.224638365148446 2.39529111875291
1.28170894526 0.11038225148478314 -0.4212017091438537 2.3194626164605645 2.3382105583384623
1.3217623498 0.09522859092132958 -0.33465303010514885 2.4118357589333463 2.272954930208328
1.36181575434 0.08363729728330689 -0.2433864182105641 2.501437234888258 2.199872214004145
1.40186915888 0.07578924092505517 -0.14781184593695723 2.587961038760297 2.1193432150023406
1.44192256342 0.07184830485442542 -0.04836495896134013 2.67111708797161 2.031779445259867
1.48197596796 0.0719604779758612 0.05449484843005031 2.7506323269817576 1.9376212376147912
1.5220293725 0.07625289171339839 0.16028668199447935 2.8262518974197763 1.8373355286410789
1.56208277704 0.08483303013444335 0.26851040510636814 2.897740131316 1.731413622867517
1.60213618158 0.09778800070469679 0.3786490572211349 2.9648814865561586 1.6203687884555085
1.64218958611 0.11518389546064606 0.4901713418854586 3.027481392373952 1.5047337755052954
1.68224299065 0.13706530474475465 0.602534110525181 3.085366939375245 1.3850583295656549
1.72229639519 0.16345484356410311 0.7151851199252272 3.138387562907039 1.2619064239468714
1.76234979973 0.19435289020978014 0.8275655585845275 3.1864155052541507 1.1358537141470426
1.80240320427 0.22973735662107142 0.9391128327692736 3.229346251720949 1.0074847249665027
1.84245660881 0.26956357757882216 1.0492633435149945 3.267098845707666 0.8773900385060749
1.88251001335 0.313764343371842 1.1574551896281227 3.2996160558496137 0.7461635476621603
1.92256341789 0.3622500229301132 1.2631309362504937 3.32686445281443 0.6143996361774764
1.96261682243 0.41490878932748676 1.3657403536489023 3.3488343813680106 0.48269038083040355
2.00267022697 0.4716069664542001 1.4647431458505218 3.3655398088221418 0.3516227554965523
2.04272363151 0.5321894829059008 1.5596116037719554 3.377018062651836 0.2217759031987011
2.08277703605 0.596480425941776 1.649833239214406 3.3833294657250863 0.09371841961437621
2.12283044059 0.6642837037201678 1.7349133429931702 3.384556859528041 -0.031994295105660125
2.16288384513 0.7353838057707601 1.814377447212364 3.380805025012451 -0.15482259583312927
2.20293724967 0.8095466654926996 1.8877737319818895 3.3721999981751725 -0.27424510392470514
2.24299065421 0.886520608601769 1.9546752921318216 3.3588882944563494 -0.38976108530340997
2.28304405874 0.9660373992073196 2.0146823257907758 3.3410360317351224 -0.5008927576486741
2.32309746328 1.0478133647934988 2.0674241706480623 3.318827968866923 -0.6071874516328538
2.36315086782 1.131550600373939 2.1125612208801625 3.292466460228638 -0.70821965934852
2.40320427236 1.2169382547037886 2.1497867086808697 3.2621703230463392 -0.8035929538634646
2.4432576769 1.3036538680640273 2.178828305188304 3.228173646743919 -0.8929417335737021
2.48331108144 1.3913647948838128 2.1994496024320025 3.190724512673314 -0.9759328542623718
2.52336448598 1.4797296544955538 2.2114513839308207 3.1500836783995183 -1.0522670543429389
2.56341789052 1.5683998562302903 2.214672761659677 3.106523182437163 -1.1216802527537286
2.60347129506 1.6570211464230133 2.208992103691918 3.0603249197191777 -1.1839446418549895
2.6435246996 1.7452351977043088 2.194327794329891 3.0117791684705075 -1.2388696179136116
2.68357810414 1.8326812281739093 2.1706388023488956 2.9611830802740258 -1.2863025243306974
2.72363150868 1.9189976197577256 2.137925050075119 2.90883916341137 -1.3261291992130282
2.76368491322 2.003823601693556 2.096227616383847 2.855053695149928 -1.358274362786491
2.80373831776 2.0868008439685806 2.0456286991991206 2.8001352143726446 -1.3827017645162567
2.8437917223 2.167575151546697 1.9862514262646693 2.7443929083277854 -1.399414185747106
2.88384512684 2.2457980545400593 1.9182594519445202 2.6881350938745774 -1.4084532279642552
2.92389853138 2.321128459710702 1.8418563655501368 2.6316676310815237 -1.409898918423304
2.96395193591 2.393234197800737 1.7572849126013153 2.5752924317929797 -1.4038691281591047
3.00400534045 2.4617936045481286 1.6648260187323445 2.5193059276001257 -1.3905187974800348
3.04405874499 2.5264970021822664 1.5647976532742067 2.4639976285220797 -1.370039000545143
3.08411214953 2.587048177845021 1.4575534895815156 2.4096486771395567 -1.342655810156987
3.12416555407 2.643165768580372 1.3434814209980037 2.3565304876597044 -1.3086290176801927
3.16421895861 2.6945846124057486 1.2230018968953706 2.3049034113038895 -1.2682506750210911
3.20427236315 2.7410569944971286 1.096566069115805 2.2550154955214707 -1.2218434470025845
3.24432576769 2.782353873670982 0.9646539158712949 2.207101261594875 -1.169758940904349
3.28437917223 2.818265965344275 0.827772038645432 2.1613806081838733 -1.1123757101249032
3.32443257677 2.8486047674872736 0.686451493791706 2.1180577707039903 -1.0500972901454686
3.36448598131 2.8732034901179797 0.5412454122274604 2.0773203653089514 -0.9833500232423628
3.40453938585 2.891917935061347 0.3927265814158297 2.0393384791733973 -0.9125808445240303
3.44459279039 2.9046271650208273 0.24148483895244754 2.0042639550797485 -0.8382548761942132
3.48464619493 2.911234172447821 0.08812446684575703 1.9722296756739335 -0.7608530225296273
3.52469959947 2.9116664221876514 -0.06673851361604632 1.9433489645165953 -0.6808694631662583
3.56475300401 2.905876194938789 -0.2224791516794655 1.917715172112364 -0.5988090371995334
3.60480640854 2.8938409797243665 -0.37846632300077343 1.8954012168549523 -0.5151846818062118
3.64485981308 2.875563604505022 -0.5340656214524693 1.876459369097544 -0.4305147289608787
3.68491321762 2.8510723318374374 -0.6886422041905652 1.8609210687520146 -0.3453202468308182
3.72496662216 2.8204207742080354 -0.8415636773326922 1.8487969112838611 -0.2601223354489452
3.7650200267 2.783687818028527 -0.9922029359523843 1.8400766260343355 -0.17543946736135535
3.80507343124 2.740977297696092 -1.1399410278725368 1.8347292880915522 -0.0917847966047955
3.84512683578 2.6924176328042018 -1.2841699524809376 1.8327035656279242 -0.009663530096067852
3.88518024032 2.638161329233059 -1.4242954241524322 1.8339280947936245 0.07042967099462707
3.92523364486 2.578384376416775 -1.5597395705961965 1.8383119523449554 0.1480132297851699
3.9652870494 2.513285536783463 -1.6899435588655278 1.8457452297436594 0.22262112522630365
4.00534045394 2.4430855308986734 -1.8143701336172982 1.856099705418724 0.29380528155884944
4.04539385848 2.368026116352822 -1.932506049944051 1.8692296170652176 0.36113785857843206
4.08544726302 2.2883691140505973 -2.0438644419162997 1.884972483447376 0.4242134810700462
4.12550066756 2.2043952600127232 -2.1479869909490192 1.903150090437863 0.48265127914635414
4.1655540721 2.1164030411498738 -2.2444460193606632 1.9235694920703565 0.5360968565651796
4.20560747664 2.024707436440741 -2.332846447401167 1.9460241005521215 0.5842241294516348
4.24566088117 1.9296385629645423 -2.412827569834159 1.9702948656624386 0.6267369929434631
4.28571428571 1.8315402634515803 -2.4840646728576723 1.9961515088386053 0.6633708350695662
4.32576769025 1.7307686465502872 -2.54627052625794 2.023353801511358 0.6938939313072193
4.36582109479 1.6276905432040625 -2.5991966346326416 2.0516529218110295 0.7181086085956365
4.40587449933 1.5226819266439877 -2.642634321186949 2.080792844896866 0.7358522487929748
4.44592790387 1.4161264059417569 -2.676416039176553 2.110511664616159 0.7469985101492265
4.48598130841 1.3084133510282996 -2.7004153358426257 2.1405432576491483 0.7514572580486043
4.52603471295 1.1999364444495904 -2.7145483151393552 2.170618550681702 0.749175931218763
4.56608811749 1.091091815078907 -2.7187730744530003 2.200467172724969 0.7401389660945871
4.60614152203 0.9822764659754943 -2.713090791219156 2.2298188379011705 0.7243688030718194
4.64619492657 0.8738864693640906 -2.697544749304437 2.2584049363350447 0.7019249169847159
4.68624833111 0.7663153205936872 -2.672221020361937 2.285959984677919 0.6729044349076988
4.72630173565 0.6599522410648211 -2.6372471513192615 2.3122231109569027 0.6374408423959074
4.76635514019 0.5551804844308125 -2.592792381096369 2.3369395475388446 0.5957041556246401
4.80640854473 0.4523757561405274 -2.539066046801621 2.359862002197159 0.5478993591500835
4.84646194927 0.3519045261892254 -2.4763172841727705 2.380752140975226 0.49426608327906596
4.88651535381 0.25412258716310177 -2.404833218946118 2.399381824724097 0.4350768382172093
4.92656875834 0.15937342160183818 -2.324938097647235 2.4155345354606705 0.3706361459491687
4.96662216288 0.06798678330367683 -2.236991752793474 2.4290065925664086 0.30127903821633073
5.00667556742 -0.01972256338394491 -2.141387430111207 2.4396082127414305 0.22736894580615302
5.04672897196 -0.1034563160570253 -2.038549858816324 2.447164775018389 0.14929581602945746
5.0867823765 -0.18293377578995368 -1.9289341031845553 2.451517773950987 0.06747498843974149
5.12683578104 -0.25789302121485286 -1.813023275287212 2.4525257957037554 -0.017655023285726244
5.16688918558 -0.3280920135682071 -1.6913255414224881 2.450065422552959 -0.1056354226542829
5.20694259012 -0.3933095369934405 -1.5643722938840718 2.444031988457815 -0.19598890108659564
5.24699599466 -0.4533460816398645 -1.432715608284956 2.434340274447645 -0.2882220912701263
5.2870493992 -0.5080246216379539 -1.2969256589969624 2.4209251030097163 -0.3818280565261221
5.32710280374 -0.557191286786118 -1.1575880787017285 2.403741830396215 -0.47628882983952686
5.36715620828 -0.6007159081438304 -1.015301241759431 2.3827667178366476 -0.5710780207624216
5.40720961282 -0.6384925020091845 -0.8706735153009505 2.357997243632691 -0.6656634506624024
5.44726301736 -0.6704396530659713 -0.7243204740669557 2.32945231874684 -0.7595098181429888
5.4873164219 -0.6965005800712359 -0.5768619910450766 2.297172198384724 -0.8520814693329851
5.52736982644 -0.7166435932637755 -0.4289195155530385 2.261218769239561 -0.9428450052385335
5.56742323097 -0.7308615855472735 -0.2811130747336801 2.221674913064772 -1.0312721087757026
5.60747663551 -0.7391725157676513 -0.13405855064835903 2.178644818543889 -1.1168421544613323
5.64753004005 -0.7416185711777938 0.011635166786868233 2.1322530346583592 -1.1990448692581777
5.68758344459 -0.7382664399551508 0.155368991980545 2.0826445807057077 -1.27738301844549
5.72763684913 -0.7292062829156355 0.29655624702928707 2.029983823057146 -1.351374816107079
5.76769025367 -0.714551679901003 0.4346257350027386 1.9744542614593268 -1.4205568420550032
5.80774365821 -0.694438699191589 0.5690228996918456 1.9162575688875216 -1.4844850789883668
5.84779706275 -0.6690251267292228 0.699214954070929 1.855612580828067 -1.54273973682201
5.88785046729 -0.6384897510341441 0.8246906790256318 1.7927546102398928 -1.5949250014387415
5.92790387183 -0.6030312514524451 0.9449638965498809 1.7279341871304243 -1.640672255571956
5.96795727637 -0.5628672981982539 1.0595754795872623 1.6614160800126925 -1.6796419166648355
6.00801068091 -0.5182332158070546 1.1680955317470167 1.593477880182835 -1.7115253987217083
6.04806408545 -0.4693812090758798 1.2701246601181 1.5244091809961637 -1.7360462572746531
6.08811748999 -0.4165790153427015 1.3652957691658512 1.4545101678767154 -1.7529617750327922
6.12817089453 -0.36010787000182337 1.4532768285196187 1.3840894872338758 -1.7620654134470333
6.16822429907 -0.30026168212668336 1.5337715407006616 1.3134634030652879 -1.7631873664371172
6.2082777036 -0.2373457424081789 1.606519466361781 1.2429545167935152 -1.756194538266583
6.24833110814 -0.17167491618819009 1.6712986969127148 1.1728898638037126 -1.740992923883749
6.28838451268 -0.10357215240999501 1.7279256325664822 1.1035994505260598 -1.717527220278886
6.32843791722 -0.033367035346809876 1.7762565051679957 1.0354147562833127 -1.6857821337129655
6.36849132176 0.038605963391184474 1.8161869543636147 0.9686670220147103 -1.6457817499140266
6.4085447263 0.11200892441642835 1.847653245570371 0.903685775814778 -1.5975905494329203
6.44859813084 0.18650224515741273 1.8706314994138054 0.8407971213379969 -1.5413124279224697
6.48865153538 0.2617461394642645 1.8851385813308488 0.7803222163649586 -1.4770913821522957
6.52870493992 0.3374023116906743 1.8912307601549938 0.722575673687247 -1.405109965741453
6.56875834446 0.41313550999172216 1.8890038090636494 0.6678640213214625 -1.3255891868460856
6.608811749 0.48861508827483563 1.8785924829360419 0.616484180720991 -1.2387877842827204
6.64886515354 0.5635165687885857 1.860169317329294 0.5687219737846159 -1.1450008278617254
6.68891855808 0.6375231221134332 1.8339437782134558 0.5248506971944866 -1.0445586717510014
6.72897196262 0.7103270294959195 1.8001610440821143 0.485129730530175 -0.9378255423928996
6.76902536716 0.7816310880110783 1.7591006135337832 0.4498032094210749 -0.8251979550943237
6.8090787717 0.8511499452659437 1.711074767290099 0.41909877652808913 -0.7071029888113153
6.84913217623 0.9186113875333608 1.6564269022238882 0.39322638495136697 -0.5839964356175293
6.88918558077 0.9837575546217409 1.5955297018634498 0.3723771829928169 -0.45636079066142615
6.92923898531 1.0463460595453837 1.5287831398998004 0.3567225028968392 -0.3247030802708877
6.96929238985 1.1061510468713158 1.4566124027426737 0.3464129156331277 -0.1895526124563049
7.00934579439 1.1629641317337411 1.3794656443118432 0.3415774146395132 -0.05145856614888503
7.04939919893 1.216595335122668 1.2978117425894382 0.3423226033450999 0.08901241759933043
7.08945260347 1.2668739426055244 1.2121379866048045 0.3487319642822297 0.2312787096959122
7.12950600801 1.3136489157188322 1.1229472467178174 0.36086560800229595 0.37474665920898126
7.16955941255 1.3567896277644498 1.0307554635488831 0.3787596758650577 0.5188132587923016
7.20961281709 1.3961864331318774 0.9360894610591313 0.40242590503836967 0.662868475780598
7.24966622163 1.4317508979021465 0.8394838065236231 0.4318515747159073 0.8062985187992378
7.28971962617 1.463416128021182 0.7414783624437945 0.4669993302580303 0.9484884158229555
7.32977303071 1.4911369206864813 0.6426154598902261 0.5078072019130382 1.0888249619315535
7.36982643525 1.514889792466223 0.5434371984453151 0.5541887493460623 1.226699531398432
7.40987983979 1.534672925726088 0.44448279719571726 0.6060332896182931 1.3615108335680255
7.44993324433 1.550506002409516 0.34628578500192464 0.6632062461808109 1.492667823588498
7.48998664887 1.5624299078076913 0.24937146442864705 0.7255496267925859 1.6195923284170588
7.5300400534 1.5705063556670391 0.15425414437422766 0.792882589557324 1.741721901583234
7.57009345794 1.5748174083619244 0.06143478191018429 0.8650021098381915 1.8585122562145466
7.61014686248 1.575464869980419 -0.028601678122355135 0.9416837851267518 1.9694399969554366
7.65020026702 1.5725696160048779 -0.11538858084455712 1.0226826992193008 2.0740049579755517
7.69025367156 1.566270809721558 -0.19847988205090264 1.1077344055143867 2.171732577831083
7.7303070761 1.5567250278474123 -0.277452369357276 1.1965560028409985 2.262176166577951
7.77036048064 1.544105306389252 -0.3519077213094918 1.2888472919671823 2.344919002417795
7.81041388518 1.5286001043370443 -0.42147445275724355 1.3842920158672898 2.4195763065767704
7.85046728972 1.5104121911660378 -0.4858097209720702 1.4825591772208622 2.4857970706254076
7.89052069426 1.489757462321537 -0.5446009788473968 1.5833044286188303 2.5432657223002146
7.9305740988 1.4668637111869587 -0.5975675211159445 1.686171506514176 2.5917036786371037
7.97062750334 1.4419693076360272 -0.6444617931754042 1.7907937589754541 2.630870649185583
8.01068090788 1.4153218508418743 -0.6850705699641313 1.896795698448632 2.6605658034086797
8.05073431242 1.3871767843986522 -0.7192160107235934 2.003794591989033 2.680628807836997
8.09078771696 1.3577959424564616 -0.7467564125793127 2.1114021191155703 2.6909405480271658
8.1308411215 1.3274461026182716 -0.7675868952098721 2.2192260217448276 2.6914237790086086
8.17089452603 1.2963975017552618 -0.7816398966550071 2.3268717901068436 2.68204357819906
8.21094793057 1.2649223252628907 -0.7888853500534017 2.43394437199217 2.662807465595066
8.25100133511 1.233293209692249 -0.7893306379491607 2.540049865100886 2.6337652926298625
8.29105473965 1.2017817487244609 -0.7830209793163092 2.644797211733979 2.5950095816508876
8.33110814419 1.1706569911061302 -0.770039294278364 2.7477998947673115 2.546675321192919
8.37116154873 1.140183968072817 -0.7505045787324486 2.848677582687234 2.4889382093843038
8.41121495327 1.110622102449118 -0.7245718739153849 2.947057919463569 2.422014557062768
8.45126835781 1.0822238567927212 -0.6924314428810338 3.0425780545978522 2.3461603679414003
8.49132176235 1.0552336167213676 -0.65430833674932 3.134885933387427 2.2616708279396294
8.53137516689 1.029885899371301 -0.6104601480141782 3.223642265709585 2.168877896639114
8.57142857143 1.0064043145064945 -0.5611762484108584 3.308521729823261 2.0681494534512246
8.61148197597 0.9850003352308779 -0.5067763389466878 3.3892143655155595 1.9598877253070253
8.65153538051 0.9658719029342797 -0.447608375754562 3.465427131982751 1.844527062838989
8.69158878505 0.9492026141077521 -0.384047146452065 3.536884864232695 1.722532391351471
8.73164218959 0.9351605445525188 -0.31649217390305806 3.6033316015407055 1.5943969655683126
8.77169559413 0.9238972224006922 -0.24536556025774803 3.6645317584002073 1.4606400609223187
8.81174899866 0.9155469619899106 -0.17110998729764074 3.720270916019847 1.3218048241120268
8.8518024032 0.9102258998349493 -0.09418620141509985 3.770356923799012 1.1784555904521177
8.89185580774 0.9080313331616273 -0.01507064417302481 3.8146206818971087 1.0311753487404078
8.93190921228 0.9090413298426807 0.06574668523852928 3.8529166387620615 0.8805634405548104
8.97196261682 0.9133141181585975 0.14776497675639097 3.8851235146154535 0.7272326330226383
9.01201602136 0.9208875840752022 0.23047537590188827 3.911144909790516 0.5718061684750888
9.0520694259 0.9317791429755391 0.31336339792653206 3.930909521338551 0.4149151720949485
9.09212283044 0.9459855801202736 0.39591159170009016 3.944371388681562 0.2571958009789975
9.13217623498 0.9634829119941827 0.4776022916146754 3.951510113669475 0.09928629998003288
9.17222963952 0.9842264507323089 0.5579202973357075 3.9523308668016566 -0.058175871305579746
9.21228304406 1.0081509824193382 0.6363555024572518 3.9468642713950244 -0.2145568623189814
9.2523364486 1.0351710092963287 0.7124055881841629 3.9351662175525575 -0.36922932463779035
9.29238985314 1.0651811025593978 0.7855786189375042 3.9173175568674137 -0.5215752074797753
9.33244325768 1.098056390981112 0.855395619620161 3.8934236524475483 -0.6709885378342697
9.37249666222 1.1336531129050504 0.921393086843186 3.8636138597269354 -0.8168781349325169
9.41255006676 1.1718092976934325 0.9831254127178952 3.8280408665603063 -0.95867023911116
9.4526034713 1.2123455211442662 1.040167233572896 3.7868799534577535 -1.0958110658084281
9.49265687583 1.255065766191731 1.092115698077888 3.7403281395951136 -1.2277692800865432
9.53271028037 1.2997583656962126 1.138592597841741 3.6886032382211913 -1.3540383330176597
9.57276368491 1.3461970324585129 1.179246397444791 3.631942816779816 -1.4741386977237088
9.61281708945 1.3941419654707818 1.2137541289139555 3.5706030725537348 -1.587619969108144
9.65287049399 1.4433410641064166 1.2418230751526642 3.5048575880367028 -1.6940627510833532
9.69292389853 1.4935310912495348 1.2631925529861054 3.4349961431873326 -1.7930806440995015
9.73297730307 1.5444389936797236 1.2776353404557068 3.3613233509362708 -1.8843218738141874
9.77303070761 1.5957834322981912 1.2849586435318534 3.2841570573442196 -1.9674704553310711
9.81308411215 1.6472758883298395 1.2850059163910175 3.203827214796789 -2.042248217187624
9.85313751669 1.6986224893427726 1.2776568185813848 3.120673938500979 -2.1084149431646675
9.89319092123 1.7495251340891709 1.2628291286811881 3.0350463631511455 -2.1657704920683254
9.93324432577 1.7996833103573686 1.2404781685897643 2.947300689933778 -2.2141543952344405
9.97329773031 1.8487954122302623 1.2105982829388025 2.8577988270222763 -2.2534475383226766
10.0133511348 1.896560416798974 1.173222135622123 2.766906578174054 -2.2835716241030752
10.0534045394 1.9426793834649254 1.1284213897942585 2.674992065588533 -2.3044900431179585
10.0934579439 1.9868569957169957 1.0763062475522003 2.58242406663641 -2.316207580438783
10.1335113485 2.0288031433040334 1.017024942976746 2.4895703072164235 -2.3187700761130596
10.173564753 2.0682343861272114 0.9507636253507051 2.3967958909226432 -2.312264480140683
10.2136181575 2.1048754553180173 0.8777448761366362 2.3044616389655395 -2.2968175123973014
10.2536715621 2.138460834848717 0.7982281878527107 2.212922421120135 -2.272596330697248
10.2937249666 2.1687360251795873 0.7125078510206156 2.1225257133815503 -2.2398065370705873
10.3337783712 2.1954589050399247 0.6209112007330111 2.0336100691570835 -2.198690555497475
10.3738317757 2.2184013314550386 0.523797370952594 1.9465033672775665 -2.1495265382963824
10.4138851802 2.2373501163565663 0.4215563564497802 1.8615217053218234 -2.0926275610461125
10.4539385848 2.2521080931759134 0.31460783479868354 1.7789681924525995 -2.0283405759684054
10.4939919893 2.262495459856653 0.20339830891899785 1.6991313963682966 -1.9570436592448142
10.5340453939 2.2683509532238006 0.08839853012689096 1.6222839701815144 -1.8791435366838354
10.5740987984 2.269532677937877 -0.029898036789522322 1.5486816719541452 -1.795074161379459
10.6141522029 2.265918757918705 -0.15097697244699274 1.4785625522432213 -1.705295051000464
10.6542056075 2.257408348001059 -0.27430594936941377 1.4121457292983084 -1.610288326273369
10.694259012 2.2439222523770574 -0.3993370603567351 1.3496305866431473 -1.510556463770166
10.7343124166 2.225403488835648 -0.5255093593825233 1.2911960170769856 -1.4066198279340045
10.7743658211 2.2018177580006073 -0.6522514988775228 1.236999757742259 -1.299014098768221
10.8144192256 2.173153808265474 -0.778984419320647 1.1871778272557916 -1.1882876396105444
10.8544726302 2.1394237022172184 -0.9051240821888487 1.1418440593531847 -1.0749988143124884
10.8945260347 2.1006629347507975 -1.0300842498048097 1.101089782304706 -0.9597132466753583
10.9345794393 2.056930483130682 -1.1532792630460742 1.0649835658260198 -0.8430010770969527
10.9746328438 2.008308732253142 -1.274126837487069 1.033571091178859 -0.7254341916536621
11.0146862483 1.9549032649972822 -1.3920508497139605 1.0068751551834139 -0.6075834511146281
11.0547396529 1.8968425695721192 -1.5064840958928711 0.9848957571402834 -0.4900159414834684
11.0947930574 1.834277621671088 -1.6168710186644528 0.9676103105618358 -0.3732922468567336
11.1348464619 1.7673814052687533 -1.722670405342842 0.9549739163910794 -0.2579637463042856
11.1748998665 1.6963482079176848 -1.8233579770113446 0.94691986227698 -0.144570002532601
11.214953271 1.6213929692892688 -1.9184289726603587 0.9433600692178549 -0.033636159259826444
11.2550066756 1.542750393607166 -2.0074005796434187 0.9441857758515502 0.07432952629531425
11.2950600801 1.460674039848645 -2.0898142973290645 0.9492682463953923 0.1788380866813244
11.3351134846 1.3754353346040047 -2.1652382360934603 0.9584595567857793 0.2794221891587364
11.3751668892 1.2873224017405507 -2.233269181556113 0.971593568033188 0.3756382621893082
11.4152202937 1.1966389223433511 -2.2935346483898695 0.9884868698924508 0.46706860977244036
11.4552736983 1.1037028599713046 -2.345694757352963 1.0089398622959842 0.5533233611476678
11.4953271028 1.0088450855850408 -2.3894438776891196 1.032737942046803 0.634042197119221
11.5353805073 0.9124080204820363 -2.4245122733790163 1.0596526716492995 0.7088960791664825
11.5754339119 0.8147441404706355 -2.4506674486869775 1.0894430931551429 0.7775886930102864
11.6154873164 0.716214459344928 -2.467715342657975 1.1218570665264544 0.8398577461365563
11.655540721 0.617186975818772 -2.4755013891530613 1.1566326477400632 0.8954761363810922
11.6955941255 0.5180350554713008 -2.473911309701504 1.1934995382870093 0.9442528637861689
11.73564753 0.41913592484504536 -2.462872360798356 1.2321804116670618 0.9860343790721404
11.7757009346 0.32086886139181714 -2.4423529742269308 1.272392584420013 1.0207043846337889
11.8157543391 0.22361345691000145 -2.4123632193905675 1.3138495914923731 1.0481844307494008
11.8558077437 0.12774802579078837 -2.3729550827040735 1.3562626248793426 1.0684343278300066
11.8958611482 0.03364819222868945 -2.3242226783736784 1.3993417987549668 1.0814524842536588
11.9359145527 -0.05831523167853764 -2.266301324302381 1.4427981427848804 1.087275172939094
11.9759679573 -0.1477775946759762 -2.1993674601205986 1.4863448138455513 1.0859765830523316
12.0160213618 -0.2343820902584312 -2.1236378982419497 1.529698656623399 1.0776682421651753
12.0560747664 -0.31778142141155447 -2.0393688614762726 1.5725817507831024 1.062498225275919
12.0961281709 -0.39763932721145456 -1.9468549653633593 1.6147228258843325 1.0406503088837746
12.1361815754 -0.4736320953933707 -1.8464279774467234 1.6558586697551838 1.0123429080101556
12.17623498 -0.545450022889731 -1.7384554037288646 1.6957354919507137 0.9778278444575544
12.2162883845 -0.6127988054331508 -1.6233388822328414 1.7341102248232236 0.9373889264352324
12.2563417891 -0.6754008967143811 -1.501512501097263 1.770751797623802 0.8913404543440695
12.2963951936 -0.7329967405592834 -1.3734408408672212 1.8054422971665134 0.8400254564908818
12.3364485981 -0.7853459949198285 -1.2396170020293351 1.8379781211083905 0.7838139103361133
12.3765020027 -0.8322285594268166 -1.1005603221041367 1.8681709530227233 0.7231006590975237
12.4165554072 -0.8734456836235119 -0.9568142215001085 1.895848810648905 0.6583034547022233
12.4566088117 -0.9088207407477776 -0.8089436028831224 1.9208567889202088 0.5898605619710259
12.4966622163 -0.9382002206444838 -0.6575325629086618 1.943058002651262 0.518228669641827
12.5367156208 -0.9614542371028206 -0.5031815466819723 1.9623340845311341 0.4438802531343355
12.5767690254 -0.9784773477369154 -0.34650489368846527 1.9785859688265905 0.36730132216813605
12.6168224299 -0.9891888518149271 -0.18812789141072891 1.9917341951968943 0.2889886831421772
12.6568758344 -0.9935332869705623 -0.028684098873904496 2.001719394222579 0.20944746675498446
12.696929239 -0.9914807012363173 0.13118753628351495 2.0085025662541587 0.12918845205362792
12.7369826435 -0.9830269177853369 0.2908454692121889 2.012065352579697 0.04872547976150568
12.7770360481 -0.9681931984757541 0.44964864660589465 2.0124097502461393 -0.03142743014003643
12.8170894526 -0.9470267218365596 0.6069591619764554 2.0095585803914893 -0.11075853028674419
12.8571428571 -0.9195997901765645 0.7621452536169896 2.003554778145216 -0.18876114394650167
12.8971962617 -0.8860101832892868 0.9145840988213487 1.994461746642211 -0.2649362536387477
12.9372496662 -0.8463800370988204 1.0636645852978346 1.9823623403434925 -0.3387950810960998
12.9773030708 -0.8008560171991848 1.2087901745484928 1.967359052503604 -0.40986174505860823
13.0173564753 -0.7496080537867317 1.3493813555648237 1.9495728667513346 -0.47767553270187885
13.0574098798 -0.6928290956375479 1.4848788456950652 1.92914305699406 -0.5417938741606352
13.0974632844 -0.6307341802703855 1.6147441985383113 1.9062263337446004 -0.6017928922803514
13.1375166889 -0.5635590381360608 1.7384657076633652 1.8809956050214345 -0.6572728781866324
13.1775700935 -0.49155969896281476 1.855557323863117 1.8536396086432456 -0.7078572667261943
13.217623498 -0.41501088142748277 1.9655622841241072 1.8243614580840342 -0.7531959800193078
13.2576769025 -0.3342050678578988 2.0680550584588797 1.7933778099339848 -0.79296721651313
13.2977303071 -0.24945106546570012 2.162643189185227 1.7609175588486667 -0.8268791219272733
13.3377837116 -0.1610726496909112 2.248969002294461 1.7272206090466908 -0.8546713398619645
13.3778371162 -0.06940775044902449 2.326710583168996 1.6925371375135307 -0.8761158937795298
13.4178905207 0.025194168644482588 2.3955843875040457 1.6571252218491126 -0.8910195240734787
13.4579439252 0.1223730881646248 2.4553459373571886 1.621249955581726 -0.8992242966252276
13.4979973298 0.22175968230657067 2.505790186392142 1.5851823196459316 -0.9006078820271333
13.5380507343 0.32297733940074735 2.546753117591782 1.549197358267121 -0.8950849595274465
13.5781041389 0.42564370716150496 2.57811219776104 1.5135727865477684 -0.882607562100809
13.6181575434 0.5293723646346276 2.5997868434323395 1.4785874864706177 -0.8631654228791935
13.6582109479 0.6337745076301392 2.6117387060989135 1.444519993703851 -0.8367861472388833
13.6982643525 0.73846064329834 2.613971759699846 1.4116469797540758 -0.8035351941589148
13.738317757 0.8430422841473612 2.6065321506388366 1.3802417396457227 -0.7635156287758745
13.7783711615 0.9471336304759729 2.5895079078108454 1.3505726937034046 -0.7168677402948833
13.8184245661 1.0503532401118152 2.5630284407668964 1.322901906045855 -0.6637684560776302
13.8584779706 1.152325671193293 2.5272638214599246 1.297483633669287 -0.6044305478906723
13.8985313752 1.252683090511208 2.482423893898478 1.2745629124602629 -0.5391016733109213
13.9385847797 1.3510668112794864 2.4287570711521687 1.2543742180688584 -0.46806311796577227
13.9786381842 1.4471289006956491 2.366549439486882 1.2371400527958147 -0.3916288316531501
14.0186915888 1.5405337002293744 2.2961235106385214 1.2230696243862245 -0.31014412817200476
14.0587449933 1.6309589940132894 2.217835734953982 1.2123578917264113 -0.22398320249783266
14.0987983979 1.7180975877403537 2.1320751614043756 1.2051841886047092 -0.13354773930510389
14.1388518024 1.8016585209171272 2.0392615924597743 1.2017112138129524 -0.03926504830607203
14.1789052069 1.8813681641956783 1.9398441817571404 1.2020841238821842 0.05841336813332418
14.2189586115 1.956971415751232 1.8342986324206394 1.206429558120697 0.1590146022651632
14.259012016 2.0282327973675858 1.7231244800371748 1.2148547595480663 0.26204704162375564
14.2990654206 2.09493723758536 1.6068435562997123 1.2274469765489986 0.3670019150898557
14.3391188251 2.15689094892471 1.4859972500636833 1.244272796766349 0.4733560046781672
14.3791722296 2.2139222193143477 1.3611436037623748 1.2653775674246526 0.5805745123267633
14.4192256342 2.265881956265979 1.232855016331869 1.290785045696049 0.6881133271703266
14.4592790387 2.3126442322409146 1.1017154165749254 1.3204970570679067 0.7954218044910248
14.4993324433 2.354106706207025 0.9683174764765761 1.3544932734438748 0.9019454987757773
14.5393858478 2.390190896123263 0.8332598739112008 1.3927311364556214 1.0071288400947513
14.5794392523 2.420842372413005 0.6971444593897884 1.4351458585506942 1.1104178980856874
14.6194926569 2.4460308298886577 0.5605734498229789 1.481650541963295 1.2112631114363472
14.6595460614 2.465750039595231 0.42414665032750865 1.5321364142277918 1.3091219818848834
14.699599466 2.480017710042138 0.28845849928396516 1.5864731548788351 1.4034619359357514
14.7396528705 2.488875214753068 0.15409539363291735 1.6445093466644605 1.493762901049283
14.779706275 2.4923871952849375 0.021633276698768106 1.706073042372054 1.5795196139625913
14.8197596796 2.4906410953087668 -0.10836558117318972 1.770972415321744 1.6602447215735636
14.8598130841 2.4837465663952862 -0.23535497756509147 1.8389965164510025 1.7354710575286751
14.8998664887 2.4718347978812023 -0.3588067997618598 1.9099160969227156 1.8047535419668637
14.9399198932 2.455057709278688 -0.4782139837514924 1.9834845850929046 1.8676720017840163
14.9799732977 2.4335870728352087 -0.5930926475211401 2.059439111810066 1.9238331662515769
15.0200267023 2.4076135425653393 -0.7029842711884942 2.1375016276221808 1.9728727019633652
15.0600801068 2.3773455951600804 -0.8074577492651343 2.2173801019609387 2.0144571138994816
15.1001335113 2.3430083929769974 -0.9061113082131483 2.2987697941702225 2.04828550640551
15.1401869159 2.304842573496034 -0.9985742778387561 2.3813545917164585 2.0740911927923116
15.1802403204 2.2631029691117743 -1.084508703040137 2.4648084112658593 2.0916431401637667
15.220293725 2.218057237971168 -1.1636107033626129 2.548796678260697 2.100747155074068
15.2603471295 2.1699845457104425 -1.2356119866773998 2.632977761943406 2.1012472273917204
15.300400534 2.1191741519274645 -1.3002810586179774 2.717004493101435 2.0930265620823048
15.3404539386 2.065923747824101 -1.357423552359615 2.800525894647829 2.076007710027915
15.3805073431 2.010537982424758 -1.4068834342452756 2.8831887588933474 2.0501535929115424
15.4205607477 1.9533270404178689 -1.4485435330333265 2.964639147292625 2.0154678473426646
15.4606141522 1.8946050963823908 -1.4823258834345068 3.04452400562731 1.9719949752298376
15.5006675567 1.834688485550332 -1.5081917419036095 3.1224930476553974 1.919820148963709
15.5407209613 1.7738944723244954 -1.5261418314966892 3.198200052975127 1.8590692770649082
15.5807743658 1.7125394332873378 -1.5362159962138873 3.271304724630377 1.7899084448603222
15.6208277704 1.6509373269596592 -1.5384928068729526 3.3414742571915 1.7125433188715404
15.6608811749 1.5893983240047937 -1.5330890126155392 3.4083847366901496 1.6272184016679074
15.7009345794 1.5282270477423179 -1.520158762869181 3.4717229244234975 1.5342160388331068
15.740987984 1.4677212857920048 -1.4998926646804105 3.5311875568033346 1.4338552790012096
15.7810413885 1.4081704717600123 -1.47251664027596 3.586490869991484 1.326490521884825
15.8210947931 1.3498542251414545 -1.4382906380967897 3.6373600586888886 1.2125100202438361
15.8611481976 1.293041229819343 -1.3975071952025064 3.6835383825701182 1.0923342448885283
15.9012016021 1.237987716723413 -1.350489824276398 3.724786671093967 0.9664140572139768
15.9412550067 1.1849363933279282 -1.2975912041198572 3.760884360398047 0.8352287000774015
15.9813084112 1.1341153290182708 -1.239191370970088 3.7916305756279387 0.6992837878265044
16.0213618158 1.085736839378785 -1.1756955760373473 3.816845200558587 0.5591089586241333
16.0614152203 1.039996540096427 -1.107532256357522 3.836369775898611 0.415255647944109
16.1014686248 0.9970724031238711 -1.0351507408726626 3.8500683846017005 0.26829459470154454
16.1415220294 0.9571241327682054 -0.959018775098546 3.857828197224971 0.11881317631730083
16.1815754339 0.9202921858939678 -0.8796203684483516 3.8595603994848693 -0.03258694389815599
16.2216288385 0.8866975546614504 -0.7974528498550656 3.8552002941293337 -0.18529293994463666
16.261682243 0.8564410239644848 -0.7130246012924305 3.8447079760801017 -0.3386832811726624
16.3017356475 0.8296027755821973 -0.6268524137764978 3.828068630870927 -0.49213055843199893
16.3417890521 0.8062422461162646 -0.539458706220995 3.8052925602564045 -0.6450044382888859
16.3818424566 0.7863978135638017 -0.4513689167112399 3.7764153940618455 -0.7966744497522882
16.4218958611 0.7700868485556419 -0.3631087769136496 3.74149791256857 -0.9465128737132463
16.4619492657 0.7573056766602512 -0.2752016398879725 3.7006259640821635 -1.093897581840507
16.5020026702 0.7480297427521594 -0.18816577769097853 3.6539101674885943 -1.2382148972812184
16.5420560748 0.742213923253635 -0.10251176469329057 3.6014854587905716 -1.3788623612630977
16.5821094793 0.7397927782331382 -0.018739841424564863 3.543510701317092 -1.5152515221978313
16.6221628838 0.7406811426704291 0.06266259945007924 3.4801679372018297 -1.646810584803239
16.6622162884 0.7447745934971476 0.1412235166666566 3.411661770687723 -1.772987053894838
16.7022696929 0.751950146812438 0.216488626451862 3.338218508104484 -1.893250268221503
16.7423230975 0.76206705030624 0.2880236622319097 3.2600851979415277 -2.0070937798735513
16.782376502 0.7749675431085078 0.35541666949424405 3.177528705149687 -2.114037771132887
16.8224299065 0.7904779001840527 0.4182799846929047 3.0908344858530366 -2.213631134455714
16.8624833111 0.8084093536624604 0.4762522948258678 3.0003054917790295 -2.3054536403388153
16.9025367156 0.8285592293906965 0.5290004376191981 2.9062608481180057 -2.389117829281146
16.9425901202 0.8507121192710667 0.5762210435080549 2.8090344938857577 -2.464270738839824
16.9826435247 0.8746410636018664 0.6176421704035208 2.708973811709996 -2.5305956227972985
17.0226969292 0.9001089116638308 0.6530245124540087 2.606438070191379 -2.587813223192256
17.0627503338 0.9268694828562603 0.682163036328356 2.501797075945644 -2.63568349159505
17.1028037383 0.9546692277077591 0.7048873347638202 2.395429299821077 -2.674005964677735
17.1428571429 0.9832483769419231 0.7210632594941224 2.287720541613115 -2.702621482283682
17.1829105474 1.0123426046992954 0.730592851981598 2.179062053495261 -2.721412123214647
17.2229639519 1.041684326021693 0.7334156222860096 2.0698490485671757 -2.730302551416956
17.2630173565 1.071004344553992 0.7295080561280021 1.9604788397838995 -2.7292595105735677
17.303070761 1.100033231071885 0.7188845675528672 1.8513492630832031 -2.718292829011934
17.3431241656 1.128502907464615 0.7015966076414767 1.7428568819740615 -2.697454499166844
17.3831775701 1.1561480950178298 0.677733249044814 1.6353953370635173 -2.6668392978069684
17.4232309746 1.1827078118700134 0.6474199206054861 1.5293536402853778 -2.6265834752771733
17.4632843792 1.2079268488255264 0.6108185713742442 1.425114494715399 -2.5768649365679526
17.5033377837 1.23155713219471 0.5681260086001882 1.323052728413386 -2.517901515839486
17.5433911883 1.2533592539312521 0.5195739572286999 1.2235335573547939 -2.449951048747454
17.5834445928 1.2731037580991582 0.4654275162396498 1.1269110992687126 -2.3733097690815694
17.6234979973 1.29057232235517 0.4059831151182102 1.0335269960022209 -2.2883101823387086
17.6635514019 1.3055592614036278 0.34156725426708434 0.9437087014818855 -2.1953197616539337
17.7036048064 1.317872518645218 0.2725354351525498 0.8577683046102718 -2.094739834537301
17.7436582109 1.3273347224326328 0.19927077240749916 0.776001284011899 -1.9870041386194714
17.7837116155 1.3337843763058204 0.12218120188056453 0.6986851198058888 -1.8725759119265142
17.82376502 1.3370768786219354 0.04169721041502468 0.6260780847723216 -1.7519455249506624
17.8638184246 1.337085303250479 -0.041729832616533 0.5584182867267273 -1.6256287367709104
17.9038718291 1.333701046613858 -0.12762950000491052 0.4959228506838337 -1.4941647827422
17.9439252336 1.326834767669378 -0.21551549880460918 0.4387867923548539 -1.3581130431169537
17.9839786382 1.316416926447277 -0.3048879356045183 0.3871823130297761 -1.218050667300376
18.0240320427 1.3023981559030577 -0.3952354779414278 0.3412582688869199 -1.0745703003122868
18.0640854473 1.2847497882894674 -0.48603828324961174 0.30113947954644626 -0.9282770129150333
18.1041388518 1.263464117004318 -0.5767705577451139 0.26692631320409727 -0.7797856085009629
18.1441922563 1.2385545476397462 -0.6669031727696626 0.23869438799950424 -0.6297178650780338
18.1842456609 1.2100557098477396 -0.755906407420128 0.2164943164907449 -0.4786996431614914
18.2242990654 1.1780234212199931 -0.8432526472248107 0.2003516051183407 -0.32735803294740856
18.26435247 1.1425345388039398 -0.9284190606276501 0.1902666725635596 -0.17631851855646996
18.3044058745 1.103686725148468 -1.0108902736495073 0.18621495985992195 -0.026202138933233032
18.344459279 1.0615980851351892 -1.0901610928061418 0.18814717504187856 0.12237740607242631
18.3845126836 1.016406715577176 -1.1657390260840965 0.19598963454144697 0.2688164490710105
18.4245660881 0.9682701450765785 -1.2371468185733578 0.20964472028123565 0.41252406888958454
18.4646194927 0.9173646591607002 -1.3039250796751867 0.22899145605838944 0.5529249030890264
18.5046728972 0.8638845671789476 -1.3656344274667958 0.25388615568556827 0.6894614731201197
18.5447263017 0.8080413122366585 -1.4218580550179323 0.2841632281277912 0.8215969457393366
18.5847797063 0.750062562404568 -1.472203747271466 0.31963601514101275 0.9488173383397545
18.6248331108 0.6901911653729911 -1.516306008622954 0.3600977703094118 1.070633843068129
18.6648865154 0.6286840174627495 -1.5538281155582598 0.40532273087248627 1.1865850794808899
18.7049399199 0.5658109400160435 -1.5844637336034988 0.45506719384812827 1.2962389062216417
18.7449933244 0.5018533345974747 -1.6079388310423965 0.5090708162286237 1.399194543117233
18.785046729 0.43710295003860955 -1.6240130047513475 0.5670578162151833 1.4950840945061865
18.8251001335 0.3718604484829417 -1.6324809420923339 0.6287383806096576 1.5835742189942708
18.8651535381 0.3064339742697722 -1.6331736291532748 0.6938100783287839 1.6643675433465144
18.9052069426 0.2411377506285492 -1.625959253775536 0.7619592555898327 1.7372037673605996
18.9452603471 0.17629044679201697 -1.6107442120814117 0.8328626665723031 1.801860883086034
18.9853137517 0.11221376098103655 -1.5874736210692564 0.9061888987527762 1.8581558870260688
19.0253671562 0.04923079301651749 -1.5561318439580312 0.9816000156258121 1.9059455140876098
19.0654205607 -0.012335514623988214 -1.5167427760934418 1.0587531392044591 1.9451267275481248
19.1054739653 -0.0721639919779936 -1.4693699432557545 1.1373020972710928 1.9756370222641075
19.1455273698 -0.1299367941175465 -1.414116376505177 1.2168990160445945 1.9974545000973443
19.1855807744 -0.18534098346564348 -1.351124309735686 1.2971959508072324 2.0105977680144695
19.2256341789 -0.23807010911044793 -1.2805747147065614 1.3778465212199622 2.01512567232588
19.2656875834 -0.28782571702331283 -1.2026866190364813 1.4585074854638749 2.011136811361017
19.305740988 -0.33431889978149815 -1.1177162444484774 1.5388403621582945 1.9987688686385159
19.3457943925 -0.3772717063862344 -1.0259559642907548 1.6185129192021213 1.9781977580389363
19.3858477971 -0.4164186368349402 -0.9277330732429612 1.6972007561427978 1.9496365832753157
19.4259012016 -0.45150793973915765 -0.8234084250670782 1.7745886952737766 1.9133344556759329
19.4659546061 -0.4823030008151008 -0.7133748352182254 1.85037227305516 1.8695750792428032
19.5060080107 -0.5085835157547195 -0.5980554122424157 1.9242590205163785 1.8186752539182716
19.5460614152 -0.5301467299741371 -0.4779016431093175 1.9959698200357876 1.760983134198347
19.5861148198 -0.546808457898095 -0.35339147230534407 2.0652400451814508 1.6968764705019292
19.6261682243 -0.5584042060710648 -0.22502703648481845 2.131820815682619 1.6267605093845687
19.6662216288 -0.5647900949609819 -0.09333240905190729 2.1954800544751283 1.551065893313956
19.7062750334 -0.5658434916887529 0.04114852194074489 2.256003256358754 1.4702466792832138
19.7463284379 -0.5614639982521635 0.1778548772105566 2.313194631220814 1.3847776711841684
19.7863818425 -0.5515739919621712 0.31621118640274765 2.366877794092765 1.295152153065088
19.826435247 -0.5361190633061012 0.4556298451619192 2.4168963577063147 1.2018795591719253
19.8664886515 -0.5150686267462834 0.5955142234736897 2.463114715239003 1.105482500787261
19.9065420561 -0.48841609616430337 0.7352610660662637 2.5054183770283642 1.0064944767735833
19.9465954606 -0.4561790969988062 0.8742633297108963 2.543714356757461 0.9054571488890082
19.9866488652 -0.4183996531671437 1.0119133049381155 2.577931542065604 0.802917330914567
20.0267022697 -0.3751440640094687 1.1476049765992071 2.6080207434075424 0.6994247178060348
20.0667556742 -0.32650281853273805 1.280737139709774 2.633954799569578 0.5955288647044159
20.1068090788 -0.27259036852001006 1.4107163392017437 2.655728542200409 0.49177633201121507
20.1468624833 -0.21354471568118966 1.5369591595435719 2.673358564495092 0.38870846415953214
20.1869158879 -0.1495269759502827 1.6588954485010519 2.686882990596183 0.28685823961045886
20.2269692924 -0.08072079930868953 1.7759709144055025 2.696361090834852 0.1867477321781056
20.2670226969 -0.007331692380500937 1.887649347798921 2.70187279517723 0.08888593671259293
20.3070761015 0.07041379915303739 1.993415720214851 2.703518089755239 -0.006234280242761163
20.347129506 0.15226896106621934 2.0927783861392486 2.701416343564856 -0.0981383494015557
20.3871829105 0.2379678647418308 2.1852711555890547 2.695705553243054 -0.1863720458913813
20.4272363151 0.32722647638359637 2.270455883004897 2.686541446821341 -0.27050405596239235
20.4672897196 0.41974380700024333 2.3479244416634915 2.67409653683888 -0.35012794150886173
20.5073431242 0.5152031548622359 2.4173006825436874 2.658559083997811 -0.4248640962328455
20.5473965287 0.613273430554455 2.478242230331366 2.640131978049204 -0.49436154816132477
20.5874499332 0.7136105356607761 2.5304421621032462 2.6190315647757028 -0.5582996511392166
20.6275033378 0.8158587713983918 2.5736306110277303 2.59548644271467 -0.6163897051830287
20.6675567423 0.9196524304378348 2.607575869362319 2.5697360741082234 -0.6683761009786354
20.7076101469 1.024617335137076 2.6320857057276283 2.5420294513165094 -0.7140376691483417
20.7476635514 1.1303723624524251 2.647008304921048 2.512623769848675 -0.753188664407382
20.7877169559 1.2365311737984208 2.6522330099167606 2.481782899579948 -0.7856795673642445
20.8277703605 1.342703825751046 2.6476909504562713 2.449775969394791 -0.8113977721884692
20.867823765 1.448498431654536 2.6333554706396187 2.416875899184597 -0.8302680822878417
20.9078771696 1.553522929755599 2.609242299275061 2.383357824302749 -0.8422529628187576
20.9479305741 1.6573866846914391 2.575409552978343 2.3494976783705948 -0.8473526264822114
20.9879839786 1.7597022906358246 2.5319575839124147 2.31557057834533 -0.8456049758341443
21.0280373832 1.8600871468719071 2.479028561218401 2.281849424571129 -0.8370852833366502
21.0680907877 1.9581652246574883 2.416805926268054 2.248603314217451 -0.8219057550346808
21.1081441923 2.053568616100433 2.3455135641794262 2.2160961595011752 -0.8002148170578475
21.1481975968 2.1459392031646165 2.265414954102192 2.1845851900063527 -0.7721963837174076
21.1882510013 2.234930204426625 2.1768119161181874 2.1543195651289766 -0.7380687362651348
21.2283044059 2.320207624262766 2.0800433653519543 2.12553908018236 -0.6980834075186162
21.2683578104 2.401451798135248 1.9754838002521726 2.0984727756041086 -0.6525238122359212
21.308411215 2.478358738293506 1.863541642438656 2.07333773451644 -0.6017037325802896
21.3484646195 2.55064146362198 1.7446574319936696 2.050337892710073 -0.5459656649962977
21.388518024 2.6180312535385504 1.6193018642638843 2.0296629182507857 -0.485679014403448
21.4285714286 2.6802788054523967 1.4879736771573036 2.0114871802705556 -0.42123814428167555
21.4686248331 2.7371553170208966 1.351197426439685 1.9959687871349119 -0.35306031916095404
21.5086782377 2.7884534749799874 1.2095211363505753 1.9832487111288235 -0.28158352725236013
21.5487316422 2.8339883478447785 1.0635138401755757 1.973450002284582 -0.2072641974856604
21.5887850467 2.8735981735800493 0.9137630187783874 1.9666770997563967 -0.13057481883300148
21.6288384513 2.9071450390709366 0.7608719553359018 1.9630152438396984 -0.05200147968252776
21.6688918558 2.9345154405358316 0.6054570140247492 1.9625299987904745 0.027958665034498627
21.7089452603 2.955620875712038 0.4481449389386475 1.965266746053871 0.10879990748811517
21.7489986649 2.9703980510265735 0.289569951685972 1.9712505358593684 0.19001069076575025
21.7890520694 2.9788091048218037 0.13037081179651977 1.980485923691134 0.27107634911709777
21.829105474 2.9808418872700333 -0.028811835612926565 1.9929567547814664 0.35148156947007375
21.8691588785 2.9765098628049906 -0.18733851022316506 2.0086262992245367 0.4307132346577419
21.909212283 2.965852055254914 -0.344573679475346 2.027437347428162 0.5082630067534927
21.9492656876 2.9489328113523254 -0.4998886928167286 2.049312474654814 0.583630055007208
21.9893190921 2.925841474998137 -0.6526645171879925 2.074154387406175 0.6563235882007507
22.0293724967 2.896691945807325 -0.8022945801410212 2.1018463782072137 0.7258654904217783
22.0694259012 2.8616221238895085 -0.9481874250892119 2.132252884876748 0.7917927717845598
22.1094793057 2.820793245978963 -1.0897694167553649 2.1652201509860043 0.8536600661525707
22.1495327103 2.7743891311121067 -1.226487214646331 2.2005769677787304 0.9110419007093826
22.1895861148 2.722615308764964 -1.3578103138771616 2.2381355265171283 0.9635350297216374
22.2296395194 2.665698064571685 -1.4832333193553253 2.2776923435696386 1.0107605064335519
22.2696929239 2.6038833837507886 -1.6022782062551668 2.3190292806065047 1.0523657398388644
22.3097463284 2.537435817449555 -1.7144964382043604 2.361914634248982 1.0880264112846605
22.349799733 2.466637261468767 -1.8194709004826688 2.4061043041995016 1.117448209054475
22.3898531375 2.3917856534793485 -1.9168177118703547 2.451343034890279 1.140368443025378
22.4299065421 2.3131936144254555 -2.006187881792155 2.4973657061408754 1.156557507416015
22.4699599466 2.2311870214564498 -2.0872688018225376 2.543898684175806 1.1658201807087802
22.5100133511 2.146103499881878 -2.1597854771813387 2.590661242292942 1.1679966704936293
22.5500667557 2.0582908963961075 -2.223501661432294 2.6373669965973554 1.1629635635735283
22.5901201602 1.9681058543358123 -2.2782213832728937 2.6837252558124827 1.1506351603348137
22.6301735648 1.875912050412216 -2.3237890644827237 2.729442652473559 1.1309634292296498
22.6702269693 1.7820784577408775 -2.360089910104669 2.774224757125274 1.10393822706547
22.7102803738 1.686977682837234 -2.3870506822616653 2.8177776332550644 1.0695878946929227
22.7503337784 1.5909846969937043 -2.404640094227246 2.8598090027669123 1.027979491830152
22.7903871829 1.4944748253797464 -2.412868470625213 2.90003010012826 0.9792183002647079
22.8304405874 1.3978219882353575 -2.411787461765543 2.9381572861696714 0.9234473858552741
22.870493992 1.3013974479319925 -2.4014900434824633 2.973913184279202 0.8608474513000021
22.9105473965 1.205567768355149 -2.382109604005601 3.0070285459460506 0.7916357799341573
22.9506008011 1.1106933556286915 -2.353819254604923 3.037243560713705 0.7160654139962923
22.9906542056 1.0171270635098457 -2.3168309315032967 3.0643090953626193 0.6344241324074271
23.0307076101 0.925212348934821 -2.271394180388574 3.0879883625796323 0.5470331047093073
23.0707610147 0.8352820145278568 -2.2177948840008694 3.1080580143060037 0.45424551123614154
23.1108144192 0.7476567243885448 -2.1563537465502907 3.1243094484004854 0.35644491792374905
23.1508678238 0.6626435058287525 -2.087424599627769 3.1365501226695973 0.2540434769638477
23.1909212283 0.5805347258723537 -2.011392779496292 3.1446044040506993 0.14748021780851803
23.2309746328 0.5016066663190446 -1.9286730172373487 3.1483147986388573 0.03721884589295804
23.2710280374 0.4261183617792809 -1.839707342404057 3.1475429223856737 -0.07625443269952326
23.3110814419 0.35431075082940433 -1.744963105429066 3.1421701647084466 -0.19243295453367132
23.3511348465 0.2864055500510164 -1.6449304883376221 3.132098611345512 -0.31079215548130373
23.391188251 0.2226044147343673 -1.540120121945244 3.1172516864186632 -0.4307920077853177
23.4312416555 0.16308817983582702 -1.431060593289679 3.097574711240396 -0.5518795595504474
23.4712950601 0.10801619193291749 -1.3182958622975693 3.073035369954151 -0.6734915571728559
23.5113484646 0.05752574714812644 -1.2023826140072844 3.0436240678431754 -0.7950571240065138
23.5514018692 0.011731664576167186 -1.0838875494974587 3.0093541529276737 -0.9160004900200815
23.5914552737 -0.0292741352004279 -0.9633846708378334 2.9702621323347915 -1.0357437270161514
23.6315086782 -0.06542289137918589 -0.8414525179524919 2.9264077276168314 -1.15370951989738
23.6715620828 -0.09666891930818873 -0.7186713078503019 2.8778735835212172 -1.2693240096962162
23.7116154873 -0.12298977653526812 -0.5956202097341096 2.824765229250886 -1.382019519741907
23.7516688919 -0.1443862293381364 -0.4728746304243514 2.767210840905303 -1.4912372568693482
23.7917222964 -0.16088193739306506 -0.35100340211060554 2.7053607202774 -1.5964300887496254
23.8317757009 -0.17252314995867687 -0.23056607338882912 2.6393867876944475 -1.6970652191877855
23.8718291055 -0.17937831309861124 -0.11211031212317071 2.56948198881254 -1.79262674429385
23.91188251 -0.18153753115608165 0.0038307126938261493 2.4958595555367613 -1.8826182190824066
23.9519359146 -0.17911192622212435 0.1167408213063492 2.4187521685489948 -1.96656508844666
23.9919893191 -0.1722329087080692 0.22612326944385705 2.3384110320670675 -2.0440170667692117
24.0320427236 -0.16105136669717987 0.3315030165246426 2.2551048721223075 -2.1145503319750834
24.0720961282 -0.1457367388356144 0.43242896927121505 2.1691188194913464 -2.17776968664552
24.1121495327 -0.12647601819884935 0.5284760405601727 2.0807532285990966 -2.233310527340957
24.1522029372 -0.10347268164988872 0.6192470832666168 1.9903224254012915 -2.2808406817157896
24.1922563418 -0.07694551077959398 0.7043747424495831 1.8981533491936864 -2.320062155851116
24.2323097463 -0.04712734887092966 0.7835231491919596 1.8045841350220806 -2.3507127163609707
24.2723631509 -0.014263903738532178 0.8563892236067004 1.709962753319489 -2.372567077873604
24.3124165554 0.021387727901848758 0.9227042485034445 1.614645362886601 -2.3854383482348287
24.3524699599 0.05956037859915326 0.982234908224666 1.5189948378352702 -2.3891789383192377
24.3925233645 0.09997821370908387 1.0347842145661053 1.4233792124131537 -2.3836813514440056
24.432576769 0.14235827133437218 1.0801924183938183 1.3281699896270402 -2.3688789495466747
24.4726301736 0.18641197868707893 1.1183376379147 1.233740482334652 -2.344746431674543
24.5126835781 0.2318466181878002 1.149136213276718 1.1404642141565238 -2.311300035431775
24.5527369826 0.2783668995695385 1.1725429775227556 1.04871321642572 -2.2685976466370787
24.5927903872 0.32567648919567416 1.1885513249115314 0.9588563757226911 -2.216738702848629
24.6328437917 0.37347957352016165 1.1971930672125541 0.871257753659743 -2.155863878836106
24.6728971963 0.4214823601599892 1.1985380910201633 0.7862749773141634 -2.086154570241002
24.7129506008 0.46939462431286877 1.1926938521623687 0.7042575894944954 -2.0078322081181224
24.7530040053 0.5169311750776208 1.179804681788873 0.6255454879179978 -1.9211573831356545
24.7930574099 0.5638133363737289 1.1600508985027893 0.5504673560229425 -1.8264287704142637
24.8331108144 0.6097703500921581 1.133647750597959 0.47933918004706577 -1.7239818825270796
24.873164219 0.6545407584595506 1.1008441938389562 0.41246279389681517 -1.6141876541786373
24.9132176235 0.697873733631371 1.0619214893162776 0.3501244846863021 -1.4974508440438368
24.953271028 0.7395303376653725 1.0171916567395198 0.2925936759347046 -1.374208290160638
24.9933244326 0.7792847044871342 0.9669957791660763 0.2401216970623053 -1.2449270150674165
25.0333778371 0.8169251952438721 0.9117021438980697 0.19294058663134167 -1.1101021635349841
25.0734312417 0.8522554199251801 0.8517042942148411 0.1512620385091705 -0.9702548521510012
25.1134846462 0.885095240037624 0.7874188927667892 0.1152763741286214 -0.8259298264225633
25.1535380507 0.9152816117422519 0.7192835625805208 0.08515168359710548 -0.6776930983933616
25.1935914553 0.942669420573597 0.6477545123521544 0.06103298233030138 -0.5261293636243245
25.2336448598 0.9671321385648286 0.5733042113357484 0.04304155453528528 -0.3718394725500619
25.2736982644 0.9885624640586903 0.4964188248471086 0.03127432146127116 -0.21543765732157188
25.3137516689 1.006872783431122 0.4175957632999168 0.025803396577012194 -0.05754887826083148
25.3538050734 1.021995603338031 0.3373409781861048 0.026675678070645803 0.10119408784034314
25.393858478 1.0338838122720742 0.25616642947830104 0.0339126203423588 0.26015338081027195
25.4339118825 1.0425108777052288 0.17458737737520116 0.04751007802869418 0.418688968514511
25.473965287 1.0478709352119358 0.09311967054197752 0.06743826605201363 0.5761615597266743
25.5140186916 1.0499787459047045 0.01227711102266386 0.09364185940067771 0.7319354359204139
25.5540720961 1.0488695622764628 -0.06743122940514854 0.12604019241612333 0.8853813308879828
25.5941255007 1.0445988909667276 -0.14550364894096512 0.16452756873346025 1.0358792632877225
25.6341789052 1.037242141974471 -0.22144842165269038 0.20897369267014454 1.1828213322803218
25.6742323097 1.0268941765666186 -0.2947863485356116 0.25922420938264046 1.3256144549303102
25.7142857143 1.0136687587936473 -0.36505323950845125 0.3151013486677288 1.4636830307227635
25.7543391188 0.9976979031726929 -0.43180233654050004 0.3764046800801178 1.5964715436733279
25.7943925234 0.9791311312803129 -0.4946066243475084 0.44291196595746296 1.7234470471785739
25.8344459279 0.95813464348698 -0.5530610371877288 0.5143801060158741 1.8441015402963878
25.8744993324 0.9348903729967672 -0.6067846478004921 0.5905462077651942 1.9579543236321753
25.914552737 0.9095949946107567 -0.6554226161763487 0.6711287069486098 2.064554107072834
25.9546061415 0.8824588694483432 -0.6986479553524527 0.7558285576485829 2.1634809279653338
25.9946595461 0.8537048177551285 -0.7361634649775802 0.8443306051017068 2.254348239039021
26.0347129506 0.8235669975444242 -0.767703070201632 0.9363048508706409 2.3368043846760456
26.0747663551 0.7922895383053854 -0.793033412694159 1.0314079764697826 2.4105343337272793
26.1148197597 0.7601252405554502 -0.8119550517778961 1.129284801600595 2.4752610102264954
26.1548731642 0.7273342364019614 -0.8243034678554367 1.2295697861282504 2.5307464192758387
26.1949265688 0.6941824622282033 -0.8299501323853229 1.3318887307242182 2.576792839373965
26.2349799733 0.66094034669556 -0.8288030688048909 1.4358602570279873 2.6132434891651095
26.2750333778 0.6278812059359158 -0.8208075227472273 1.541097595282908 2.639983305724288
26.3150867824 0.5952798070746401 -0.8059462763698686 1.6472102004796199 2.656939353902115
26.3551401869 0.5634108918403179 -0.7842397870018732 1.7538054132643108 2.664081053294765
26.3951935915 0.532547550232602 -0.7557462475617632 1.8604902798570182 2.6614203236562566
26.435246996 0.5029598788735342 -0.7205613043078799 1.9668730796305642 2.649011372930646
26.4753004005 0.4749133321816001 -0.678817710720519 2.072565175044873 2.626950420946838
26.5153538051 0.4486673341478768 -0.6306847364051241 2.1771825940306626 2.59537516527697
26.5554072096 0.42447384190046367 -0.5763673927786364 2.2803476658039825 2.5544640572276123
26.5954606142 0.4025758246394348 -0.5161054925761112 2.3816907479008558 2.504435405855423
26.6355140187 0.383206061007054 -0.450172555341653 2.4808516250101866 2.445546315329263
26.6755674232 0.36658564904462204 -0.3788744692450139 2.5774812104639624 2.3780913753389745
26.7156208278 0.3529228354542119 -0.3025480843962236 2.6712429179458246 2.3024012714135282
26.7556742323 0.3424118070195863 -0.22155959171355977 2.761814076082834 2.2188411735719553
26.7957276368 0.3352314586394387 -0.1363027084670947 2.8488873706642743 2.1278089244258704
26.8357810414 0.3315444775548167 -0.04719689818097735 2.932171959215521 2.029733251305338
26.8758344459 0.33149620418058956 0.04531481090252168 3.0113948233043533 1.92507157071367
26.9158878505 0.3352137933364567 0.14076790817223803 3.086301808707861 1.814307882615715
26.955941255 0.34280547732994665 0.2386785758979852 3.1566585619068204 1.6979505636308843
26.9959946595 0.3543597162103542 0.338546196811388 3.222251588877518 1.5765298206251412
27.0360480641 0.3699445985475686 0.4398557851530167 3.2828890535183524 1.4505952120200913
27.0761014686 0.389607378214214 0.5420804545183555 3.3384014359412078 1.320713124126074
27.1161548732 0.4133739980527208 0.6446840643792117 3.3886422076716283 1.1874640616450114
27.1562082777 0.4412487785061238 0.747123866752343 3.4334883361609227 1.051439929771576
27.1962616822 0.47321422149126735 0.848853181783736 3.472840670625638 0.9132412796580371
27.2363150868 0.5092308977146344 0.9493241247141526 3.5066242423040643 0.7734744950815795
27.2763684913 0.5492374517624253 1.0479903353026685 3.5347884428476117 0.6327489691976573
27.3164218959 0.5931507232653184 1.1443096989128732 3.5573070825073434 0.4916742823496184
27.3564753004 0.640865970820554 1.2377470618924904 3.5741783415513377 0.3508573783807862
27.3965287049 0.6922572001064917 1.3277769438686615 3.585424613764989 0.21089973725883304
27.4365821095 0.7471776335470327 1.4138861632872373 3.5910922013631548 0.07239462593875766
27.476635514 0.8054601779551851 1.4955764444328281 3.5912510115633443 -0.06407563196884908
27.5166889186 0.866918159183533 1.5723669381390633 3.5859939743535825 -0.19794231757132413
27.5567423231 0.9313460030819596 1.6437967102388815 3.575436515223794 -0.32865294176586207
27.5967957276 0.9985201414436576 1.7094270469773571 3.5597157900455034 -0.4556737013762988
27.6368491322 1.068199887849831 1.7688438013968348 3.538989952288014 -0.578491974331347
27.6769025367 1.1401285359408684 1.8216594295143123 3.5134371814080794 -0.6966185181650651
27.7169559413 1.2140343760544616 1.8675151684497502 3.483254799704828 -0.8095898055741974
27.7570093458 1.2896319931540696 1.9060827388410062 3.448658084301562 -0.9169699017702513
27.7970627503 1.3666233950402256 1.9370663446371288 3.409879263407263 -1.01835262860345
27.8371161549 1.4446994501920956 1.9602040583503781 3.367166173637472 -1.1133631338879033
27.8771695594 1.5235412982721925 1.9752692442790225 3.3207809467146463 -1.201659496993423
27.917222964 1.6028216562733542 1.9820720405840122 3.2709988052474066 -1.2829343871735714
27.9572763685 1.682206415961038 1.9804602993373794 3.218106540119464 -1.3569161989344058
27.997329773 1.7613561460581082 1.970320570177349 3.1624010871049935 -1.4233702253786233
28.0373831776 1.839927653603891 1.9515788307345852 3.1041880334563916 -1.4820995829290213
28.0774365821 1.9175755851074607 1.924201012334815 3.0437800758489018 -1.5329459347904262
28.1174899866 1.9939540261932513 1.8881934060471564 2.981495474918197 -1.5757900956075155
28.1575433912 2.0687181270490616 1.8436027425046033 2.917656470340324 -1.6105523135281627
28.1975967957 2.1415257206021057 1.7905160692844329 2.852587694784558 -1.6371923509840611
28.2376502003 2.2120389305299075 1.7290612769526923 2.7866146250557375 -1.6557102088237143
28.2777036048 2.2799257749086066 1.659406183411336 2.720061976940024 -1.6661454196297705
28.3177570093 2.344861771063298 1.58175722206571 2.653252082089129 -1.6685759480025881
28.3578104139 2.406531635917547 1.496359303653532 2.5865032192344617 -1.6631182596277068
28.3978638184 2.4646305299325357 1.403495128991258 2.520128375794746 -1.6499268258641098
28.437917223 2.518865587077023 1.3034839088221326 2.4544337001972 -1.6291930523535403
28.4779706275 2.5689576046459877 1.1966794401018195 2.389716768009299 -1.6011435759571446
28.518024032 2.614642087498592 1.083469349412733 2.326265535862863 -1.5660396923207633
28.5580774366 2.6556707515597378 0.9642730802951777 2.2643567891494194 -1.5241755565603197
28.5981308411 2.691812838468823 0.839539953205947 2.204254777812681 -1.4758764483061533
28.6381842457 2.722855966188634 0.7097475761057932 2.146210317779169 -1.4214973665555701
28.6782376502 2.7486074957678213 0.575399458564013 2.090459360065643 -1.3614208537756174
28.7182910547 2.7688954863230317 0.4370228211533509 2.0372219665761424 -1.296054997194523
28.7583444593 2.7835694303063945 0.29516639890142043 1.986701498334727 -1.2258314139809803
28.7983978638 2.792501301747314 0.15039771669712307 1.9390834805608927 -1.151202727847727
28.8384512684 2.7955861735740575 0.0033006530512350862 1.894534893982561 -1.0726403123038395
28.8785046729 2.792742638774933 -0.14552689093658286 1.8532036571365864 -0.9906321306010746
28.9185580774 2.783913499281336 -0.29547598885773996 1.8152178278319078 -0.9056799244850756
28.958611482 2.7690662315661605 -0.4459295581192782 1.7806850227825934 -0.8182965207832542
28.9986648865 2.7481930852221983 -0.5962649043532091 1.749692201087832 -0.7290034453955173
29.0387182911 2.7213112881430073 -0.7458566339224078 1.7223053311278833 -0.6383281753631453
29.0787716956 2.6884631601823976 -0.8940795465199682 1.698569143345287 -0.5468014056345107
29.1188251001 2.649716010817805 -1.0403114745570912 1.6785070928853212 -0.45495436005701273
29.1588785047 2.605161945383228 -1.183936107087665 1.662121407958223 -0.3633161127307273
29.1989319092 2.5549175949395 -1.324345834722002 1.6493932085761944 -0.2724108836830864
29.2389853138 2.499123713279134 -1.4609445437138795 1.6402827527026387 -0.18275537859202035
29.2790387183 2.4379446491374064 -1.5931503347466052 1.6347298021484082 -0.09485619683733013
29.3190921228 2.3715677266586526 -1.7203982327304541 1.632654074812231 -0.00920724324331266
29.3591455274 2.300202520984734 -1.8421427519208613 1.633955797868116 0.07371272391768295
29.3991989319 2.224080021576354 -1.9578604453096025 1.6385163679287782 0.1534425345369197
29.4392523364 2.1434517028000437 -2.0670523110330414 1.6461991003387229 0.22954091346273045
29.479305741 2.05858849725879 -2.169246100988258 1.6568500716667673 0.30158869654399867
29.5193591455 1.9697796791941842 -2.2639985093085895 1.670299048502536 0.3691909338969157
29.5594125501 1.8773316666342268 -2.3508972237516077 1.686360494763354 0.4319788638465723
29.5994659546 1.7815667302528801 -2.4295628557418083 1.7048346673006862 0.489611772525312
29.6395193591 1.6828216608475133 -2.4996506651829216 1.725508755328591 0.54177865809159
29.6795727637 1.581446328127803 -2.560852202489465 1.748158119470042 0.5881998171951366
29.7196261682 1.4778021435570468 -2.612896772158404 1.7725476213640152 0.628628261935596
29.7596795728 1.3722606567219833 -2.655552593376526 1.798432842197996 0.6628508455072264
29.7997329773 1.2652021828465292 -2.6886277212492056 1.8255612784987898 0.6906891582602788
29.8397863818 1.1570133637969668 -2.711971712764773 1.8536744666260325 0.7120011477469771
29.8798397864 1.0480862564898685 -2.7254755213438293 1.882508791301706 0.7266810270441407
29.9198931909 0.9388165239386166 -2.7290722855821965 1.911797069444075 0.7346600483225881
29.9599465955 0.8296016050711003 -2.7227376055436143 1.94127015829757 0.7359067853606647
30.0 0.7208390681493406 -2.7064898836933473 1.9706584006707255 0.7304274762482963
